Best trial value (test_mse): 0.17811554670333862
Best parameters:
  learning_rate: 0.000600577583739698
  d_model_d_ff_pair: (128, 256)
  e_layers: 1
