Best trial value (test_mse): 0.0803692489862442
Best parameters:
  learning_rate: 0.00016333928969579763
  d_model_d_ff_pair: (256, 512)
  e_layers: 3
