Best trial value (test_mse): 0.16178090870380402
Best parameters:
  learning_rate: 0.0009053597250684944
  d_model_d_ff_pair: (256, 512)
  e_layers: 3
