Best trial value (test_mse): 0.3229016959667206
Best parameters:
  learning_rate: 0.0006610311691668668
  d_model_d_ff_pair: (128, 512)
  e_layers: 3
